waypoint,curvature
1,0
2,0
3,0
4,0
5,0
6,0
7,0
8,0
9,0
10,0
11,0
12,0
13,0
14,0
15,0
16,0
17,0
18,0
19,0
20,0
21,0
22,0
23,0
24,0
25,0
26,0
27,0
28,0
29,0
30,0
31,0
32,0
33,0
34,0
35,0
36,0
37,0
38,0
39,0
40,0
41,0
42,0
43,0
44,0
45,0
46,0
47,0
48,0
49,0
50,0
51,0
52,0
53,0
54,0
55,0
56,0
57,0
58,0
59,0
60,0
61,0
62,0
63,0
64,0
65,0
66,0
67,0
68,0
69,0
70,0
71,0
72,0
73,0
74,0
75,0
76,0
77,0
78,0
79,0
80,0
81,0
82,0
83,0
84,0
85,0
86,0
87,0
88,0
89,0
90,0
91,0
92,0
93,0
94,0
95,0
96,0
97,0
98,0
99,0
100,0
101,0
102,0
103,0
104,0
105,0
106,0
107,0
108,0
109,0
110,0
111,0
112,0
113,0
114,0
115,0
116,0
117,0
118,0
119,0
120,0
121,0
122,0
123,0
124,0
125,0
126,0
127,0
128,0
129,0
130,0
131,0
132,0
133,0
134,0
135,0
136,0
137,0
138,0
139,0
140,0
141,0
142,0
143,0
144,0
145,0
146,0
147,0
148,0
149,0
150,0
151,0
152,0
153,0
154,0
155,0
156,0
157,0
158,0
159,0
160,0
161,0
162,0
163,0
164,0
165,0
166,0
167,0
168,0
169,0
170,0
171,0
172,0
173,0
174,0
175,0
176,0
177,0
178,0
179,0
180,0
181,0
182,0
183,0
184,0
185,0
186,0
187,0
188,0
189,0
190,0
191,0
192,0
193,0
194,0
195,0
196,0
197,0
198,0
199,0
200,0
201,0
202,0
203,0
204,0
205,0
206,0
207,0
208,0
209,0
210,0
211,0
212,0
213,0
214,0
215,0
216,0
217,0
218,0
219,0
220,0
221,0
222,0
223,0
224,0
225,0
226,0
227,0
228,0
229,0
230,0
231,0
232,0
233,0
234,0
235,0
236,0
237,0
238,0
239,0
240,0
241,0
242,0
243,0
244,0
245,0
246,0
247,0
248,0
249,0
250,0
251,0
252,0
253,0
254,0
255,0
256,0
257,0
258,0
259,0
260,0
261,0
262,0
263,0
264,0
265,0
266,0
267,0
268,0
269,0
270,0
271,0
272,0
273,0
274,0
275,0
276,0
277,0
278,0
279,0
280,0
281,0
282,0
283,0
284,0
285,0
286,0
287,0
288,0
289,0
290,0
291,0
292,0
293,0
294,0
295,0
296,0
297,0
298,0
299,0
300,0
301,0
302,0
303,0
304,0
305,0
306,0
307,0
308,0
309,0
310,0
311,-0.22758756683309095
312,-0.09494456983475401
313,-0.09493229648295609
314,-0.09493852859676936
315,-0.09493485094539893
316,-0.09493389095555325
317,-0.09492962381614782
318,-0.09493576696010621
319,-0.09493566372705481
320,-0.09493265960173011
321,-0.09493632849505514
322,-0.09494040169312219
323,-0.09493410643883339
324,-0.0949368214528063
325,-0.09493342037389536
326,-0.09493417880434506
327,-0.0949375660349133
328,-0.09493552069382932
329,-0.09493440000723616
330,-0.09493594673871089
331,-0.09493362063973486
332,-0.09493876820305891
333,-0.09493784185158019
334,-0.09493418935164513
335,-0.09493376895895243
336,-0.09493629034950715
337,-0.09492565104612005
338,-0.09493596934312934
339,-0.09493430120748263
340,-0.09493419265444376
341,-0.0949347884309073
342,-0.09492166754403969
343,-0.09493846018085597
344,-0.09493376808546326
345,-0.09493595494980542
346,-0.09493408622244051
347,-0.0949476698233482
348,-0.0949344428479529
349,-0.09493438491867486
350,-0.09493580044368419
351,-0.094934741168924
352,-0.0949297982712567
353,-0.09493339136087448
354,-0.09493696568440292
355,-0.09493641945001488
356,-0.09493205095659123
357,-0.09494595046697192
358,-0.09493652597869161
359,-0.09493450837056794
360,-0.09493535199725231
361,-0.09493462695564395
362,-0.07302762256735625
363,-0.022521663069091712
364,-0.026443805491266046
365,-0.02644280088080066
366,-0.026443780023059183
367,-0.02644379594271341
368,-0.026443795656983814
369,-0.026443632366911454
370,-0.026443225342315066
371,-0.0264441288586274
372,-0.026442968704663936
373,-0.02644339373252312
374,-0.026443422747221546
375,-0.026443948609671714
376,-0.02644358173778493
377,-0.02644314800422523
378,-0.02644341877199208
379,-0.02644368699893281
380,-0.026443730995367343
381,-0.026443819662328633
382,-0.026443292370071522
383,-0.02644377638250616
384,-0.0264435055033312
385,-0.026443377713301453
386,-0.02644328833318164
387,-0.02644400774417639
388,-0.026443253258310512
389,-0.02644346528216895
390,-0.026443842245372003
391,-0.02644370814465894
392,-0.026443128505316944
393,-0.026443835910619367
394,-0.0264434137522858
395,-0.026443407958544506
396,-0.02644395267242606
397,-0.026443300404327855
398,-0.02644343125853289
399,-0.026443622998036206
400,-0.026443669113552965
401,-0.026443571711400635
402,-0.0264437880439954
403,-0.026443262653000107
404,-0.02644359628856703
405,-0.026443611438265863
406,-0.3441174937977547
407,-0.0037698033256993706
408,0.3118651685357246
409,-0.026443604199491384
410,-0.026443553681159047
411,-0.02644358872124716
412,-0.026443416877801017
413,-0.026443498743874184
414,-0.026443513449455325
415,-0.026443693171421243
416,-0.026443505719775773
417,-0.02644355400016191
418,-0.026443652695180214
419,-0.02644359569760072
420,-0.026443494780866453
421,-0.026443593519993217
422,-0.0264434262991746
423,-0.026443598798952177
424,-0.025959656174201536
425,0
426,0
427,0
428,0
429,0
430,0
431,0
432,0
433,0
434,0
435,0
436,0
437,0
438,0
439,0
440,0
441,0
442,0
443,0
444,0
445,0
446,0
447,0
448,0
449,0
450,0
451,0
452,0
453,0
454,0
455,0
456,0
457,0
458,0
459,0
460,0
461,0
462,0
463,0
464,0
465,0
466,0
467,0
468,0
469,0
470,0
471,0
472,0
473,0
474,0
475,0
476,0
477,0
478,0
479,0
480,0
481,0
482,0
483,0
484,0
485,0
486,0
487,0
488,0
489,0
490,0
491,0
492,0
493,0
494,0
495,0
496,0
497,0
498,0
499,0
500,0
501,0
502,0
503,0
504,0
505,0
506,0
507,0
508,0
509,0
510,0
511,0
512,0
513,0
514,0
515,0
516,0
517,0
518,0
519,0
520,0
521,0
522,0
523,0
524,0
525,0
526,0
527,0
528,0
529,0
530,0
531,0
532,0
533,0
534,0
535,0
536,0
537,0
538,0
539,0
540,0
541,0
542,0
543,0
544,0
545,0
546,0
547,0
548,0
549,0
550,0
551,0
552,0
553,0
554,0
555,0
556,0
557,0
558,0
559,0
560,0
561,0
562,0
563,0
564,0
565,0
566,0
567,0
568,0
569,0
570,0
571,0
572,0
573,0
574,0
575,0
576,0
577,0
578,0
579,0
580,0
581,0
582,0
583,0
584,0
585,0
586,0
587,0
588,0
589,0
590,0
591,0
592,0
593,0
594,0
595,0
596,0
597,0
598,0
599,0
600,0
601,0
602,0
603,0
604,0
605,0
606,0
607,0
608,0
609,0
610,0
611,0
612,0
613,0
614,0
615,0
616,0
617,0
618,0
619,0
620,0
621,0
622,0
623,0
624,0
625,0
626,0
627,0
628,0
629,0
630,0
631,0
632,0
633,0
634,0
635,0
636,0
637,0
638,0
639,0
640,0
641,0
642,0
643,0
644,0
645,0
646,0
647,0
648,0
649,0
650,0
651,0
652,0
653,0
654,0
655,0
656,0
657,0
658,0
659,0
660,0
661,0
662,0
663,0
664,0
665,0
666,0
667,0
668,0
669,0
670,0
671,0
672,0
673,0
674,0
675,0
676,0
677,0
678,0
679,0
680,0
681,0
682,0
683,0
684,0
685,0
686,0
687,0
688,0
689,0
690,0
691,0
692,0
693,0
694,0
695,0
696,0
697,0
698,0
699,0
700,0
701,0
702,0
703,0
704,0
705,0
706,0
707,0
708,0
709,0
710,0
711,0
712,0
713,0
714,0
715,0
716,0
717,0
718,0
719,0
720,0
721,0
722,0
723,0
724,0
725,0
726,0
727,0
728,0
729,0
730,0
731,0
732,0
733,0
734,0
735,0
736,0
737,0
738,0
739,0
740,0
741,0
742,0
743,0
744,0
745,0
746,0
747,0
748,0
749,0
750,0
751,0
752,0
753,0
754,0
755,0
756,0
757,0
758,0
759,0
760,0
761,0
762,0
763,0
764,0
765,0
766,0
767,0
768,0
769,0
770,0
771,0
772,0
773,0
774,0
775,0
776,0
777,0
778,0
779,0
780,0
781,0
782,0
783,0
784,0
785,0
786,0
787,0
788,0
789,0
790,0
791,0
792,0
793,0
794,0
795,0
796,0
797,0
798,0
799,0
800,0
801,0
802,0
803,0
804,0
805,0
806,0
807,0
808,0
809,0
810,0
811,0
812,0
813,0
814,0
815,0
816,0
817,0
818,0
819,0
820,0
821,0
822,0
823,0
824,0
825,0
826,0
827,0
828,0
829,0
830,0
831,0
832,0
833,0
834,0
835,0
836,0
837,0
838,0
839,0
840,0
841,0
842,0
843,0
844,0
845,0
846,0
847,0
848,0
849,0
850,0
851,0
852,0
853,0
854,0
855,0
856,0
857,0
858,0
859,0
860,0
861,0
862,0
863,0
864,0
865,0
866,0
867,0
868,0
869,0
870,0
871,0
872,0
873,0
874,0
875,0
876,0
877,0
878,0
879,0
880,0
881,0
882,0
883,0
884,0
885,0
886,0
887,0
888,0
889,0
890,0
891,0
892,0
893,0
894,0
895,0
896,0
897,0
898,0
899,0
900,0
901,0
902,0
903,0
904,0
905,0
906,0
907,0
908,0
909,0
910,0
911,0
912,0
913,0
914,0
915,0
916,0
917,0
918,0
919,0
920,0
921,0
922,0
923,0
924,0
925,0
926,0
927,0
928,0
929,0
930,0
931,0
932,0
933,0
934,0
935,0
936,0
937,0
938,0
939,0
940,0
941,0
942,0
943,0
944,0
945,0
946,0
947,0
948,0
949,0
950,0
951,0
952,0
953,0
954,0
955,0
956,0
957,0
958,0
959,0
960,0
961,0
962,0
963,0
964,0
965,0
966,0
967,0
968,0
969,0
970,0
971,0
972,0
973,0
974,0
975,0
976,0
977,0
978,0
979,0
980,0
981,0
982,0
983,0
984,0
985,0
986,0
987,0
988,0
989,0
990,0
991,0
992,0
993,0
994,0
995,0
996,0
997,0
998,0
999,0
1000,0
1001,0
1002,0
1003,0
1004,0
1005,0
1006,0
1007,0
1008,0
1009,-0.019897104801813732
1010,-0.024838938752236105
1011,-0.02484141474551913
1012,-0.024839753483655705
1013,-0.024840278844705542
1014,-0.024838715362191024
1015,-0.024839930387919113
1016,-0.02484094222638899
1017,-0.024841436216372848
1018,-0.024837922022164612
1019,-0.024840714790323123
1020,-0.024839722310978116
1021,-0.024841138059713355
1022,-0.024839947297078765
1023,-0.024838151082197
1024,-0.024842681289782426
1025,-0.024838977057053957
1026,-0.02484164118816655
1027,-0.024839988412736
1028,-0.024839370079516084
1029,-0.024840745035856097
1030,-0.024839550042589267
1031,-0.024841017423592508
1032,-0.024838974664851677
1033,-0.024838739131141995
1034,-0.02484024235057702
1035,-0.024841883718985866
1036,-0.024838507786493717
1037,-0.024839556988528855
1038,-0.02483962120557857
1039,-0.02484179443677904
1040,-0.024839292311065093
1041,-0.02484140038957158
1042,-0.024838870658002266
1043,-0.024840895411471966
1044,-0.024840739063180888
1045,-0.024839825210262
1046,-0.024839296106521677
1047,-0.024840604530064796
1048,-0.024839428857421957
1049,-0.02484039519496208
1050,-0.0248393194666952
1051,-0.02484035365792411
1052,-0.024840429987950427
1053,-0.024839493544059305
1054,-0.02484041327904872
1055,-0.02483866491922576
1056,-0.02484267078909441
1057,-0.024838960005163804
1058,-0.024841181429554715
1059,-0.024839690400358605
1060,-0.024839456883976194
1061,-0.02483855853102081
1062,-0.02484275441443026
1063,-0.02483954932703581
1064,-0.024840180536224988
1065,-0.024839483075794436
1066,-0.02483905702649627
1067,-0.02484037268313399
1068,-0.024840575700901642
1069,-0.024839008389228784
1070,-0.024840784069399196
1071,-0.02484113942200895
1072,-0.0248385933837371
1073,-0.024840750440168733
1074,-0.024841095657086927
1075,-0.02483955015476378
1076,-0.02483950214358123
1077,-0.02483995739119345
1078,-0.024838907968231294
1079,-0.024840446863043965
1080,-0.024840876520101765
1081,-0.024840133400250906
1082,-0.02484098807748487
1083,-0.024839721921032627
1084,-0.024839799078496268
1085,-0.024839068400238563
1086,-0.0248406705481757
1087,-0.024840412910214816
1088,-0.02483970863608854
1089,-0.024840662941864645
1090,-0.02483908986482007
1091,-0.0248406362619897
1092,-0.024839108854026907
1093,-0.024841605297332942
1094,-0.024839350793026255
1095,-0.02483999991169831
1096,-0.024840337081685385
1097,-0.024840665296539794
1098,-0.02483902351425483
1099,-0.02484093795221134
1100,-0.02483971125594907
1101,-0.024839348195089893
1102,-0.024841199754424198
1103,-0.024840373985650168
1104,-0.02484043701562352
1105,-0.024838852021301892
1106,-0.024840118440344387
1107,-0.024841017673084928
1108,-0.024839828948071435
1109,-0.024839378184882025
1110,-0.02483940160338272
1111,-0.024840732310765296
1112,-0.024839532995820028
1113,-0.024842074372248942
1114,-0.024838152003142253
1115,-0.02484023741579991
1116,-0.024840637862902443
1117,-0.024840027167080246
1118,-0.024840129965313883
1119,-0.024840499537232903
1120,-0.024839477220272334
1121,-0.024840197343180482
1122,-0.024839891608185498
1123,-0.024840538453411984
1124,-0.024839933867923103
1125,-0.024839353122988052
1126,-0.024840708224812037
1127,-0.024840649296499644
1128,-0.024839393028928628
1129,-0.024840958715208403
1130,-0.02483875102127103
1131,-0.024841325244846783
1132,-0.024839259146070505
1133,-0.024841107216184953
1134,-0.02483872610338441
1135,-0.024840790485439815
1136,-0.024839027751237572
1137,-0.024840202855864964
1138,-0.024840883390234957
1139,-0.024840219829869628
1140,-0.02483906214415528
1141,-0.024840734875439655
1142,-0.024839582866912024
1143,-0.024839594633648775
1144,-0.024839775856519065
1145,-0.024841070470222108
1146,-0.024841651846059333
1147,-0.02483864624465197
1148,-0.024840250176884585
1149,-0.02484072171485891
1150,-0.02483957071692435
1151,-0.024840395908455458
1152,-0.024840593157594917
1153,-0.02483999744477373
1154,-0.02483958720408334
1155,-0.024838781573070467
1156,-0.02484217275422698
1157,-0.02484018795917276
1158,-0.024840527406112534
1159,-0.024840142328742598
1160,-0.024748889845164546
1161,-0.024158610362100284
1162,-0.024159203660228938
1163,-0.024157846056073184
1164,-0.02415692041189398
1165,-0.024158756805413444
1166,-0.024158252557289973
1167,-0.024158432094375848
1168,-0.024158340576344643
1169,-0.02415933136828163
1170,-0.024158777528462672
1171,-0.024157309661621832
1172,-0.02415835902033341
1173,-0.024157915744199857
1174,-0.024157554846069174
1175,-0.02415874559781509
1176,-0.02415774980099524
1177,-0.024158342620948254
1178,-0.024159098236273498
1179,-0.024158361578825647
1180,-0.024156962315654278
1181,-0.024159089588430816
1182,-0.02415852404443222
1183,-0.024157705345196477
1184,-0.024157825059153218
1185,-0.024158148975725196
1186,-0.02415903249742315
1187,-0.024157954870313813
1188,-0.024158833134567913
1189,-0.024158350608333296
1190,-0.024156979381478233
1191,-0.024159400692920604
1192,-0.024159058169667163
1193,-0.024156583548804192
1194,-0.024159047753269314
1195,-0.024157945428984605
1196,-0.02415825490515908
1197,-0.02415746477613446
1198,-0.024159657668571147
1199,-0.024157916986468377
1200,-0.02415733818772365
1201,-0.0241593414228058
1202,-0.024157505791434483
1203,-0.02415878142987547
1204,-0.024158171088487806
1205,-0.02415818690753161
1206,-0.024157770024231973
1207,-0.024158633854299453
1208,-0.02415722971211946
1209,-0.02415869255404673
1210,-0.024158243646887206
1211,-0.024158600882113936
1212,-0.024158271970735397
1213,-0.024157880768518453
1214,-0.02415860836792599
1215,-0.024158346214274675
1216,-0.024157308457695564
1217,-0.024157897407962113
1218,-0.024158129718745404
1219,-0.024159743092743474
1220,-0.024158722593264872
1221,-0.02415614291361518
1222,-0.024158900033822456
1223,-0.024158289444861085
1224,-0.024158635359967446
1225,-0.024157725946871236
1226,-0.024158918665150256
1227,-0.024157904373999662
1228,-0.024158230319181902
1229,-0.0241588354053074
1230,-0.024158469899233155
1231,-0.02415736195492257
1232,-0.02415792287592483
1233,-0.02415908457061192
1234,-0.02415881941628827
1235,-0.02415736927567309
1236,-0.024158738305762182
1237,-0.02415809332287166
1238,-0.02415824064635382
1239,-0.024158036592148536
1240,-0.024158831489327803
1241,-0.0241580864488704
1242,-0.024158802091699294
1243,-0.024157307431401372
1244,-0.024158437083092964
1245,-0.02415848609094172
1246,-0.024158843604002472
1247,-0.02415723589863471
1248,-0.024158096999097784
1249,-0.0241593126808749
1250,-0.02415753350789864
1251,-0.024158249890513794
1252,-0.024159216557017776
1253,-0.024156769751595628
1254,-0.02415888136097208
1255,-0.0241591163635957
1256,-0.024156016422938364
1257,-0.024159020959437227
1258,-0.02415836716186882
1259,-0.024157448331383353
1260,-0.02415834238703001
1261,-0.024158508789689864
1262,-0.024158923672584307
1263,-0.024157584125582176
1264,-0.024158877282241437
1265,-0.02415704372526627
1266,-0.024159648231361148
1267,-0.024157905844848254
1268,-0.02415883361656035
1269,-0.02415744459329332
1270,-0.02415926450446608
1271,-0.02415717924248616
1272,-0.024158694318217804
1273,-0.024157979031904833
1274,-0.024158306551672264
1275,-0.024158141729789667
1276,-0.02415783045039774
1277,-0.024159279339099813
1278,-0.02415804075876913
1279,-0.02415834061829896
1280,-0.024157542719510133
1281,-0.02415763877189555
1282,-0.02415921514273527
1283,-0.024158276897378626
1284,-0.024158364987576685
1285,-0.024158218152367354
1286,-0.02415748511752887
1287,-0.02415814576862826
1288,-0.024158392042398603
1289,-0.024158287442055764
1290,-0.024158101614509476
1291,-0.02415796714184111
1292,-0.02415953692259316
1293,-0.024157061385052123
1294,-0.024158246915617597
1295,-0.024158680975516784
1296,-0.024158029990601904
1297,-0.024157882647972986
1298,-0.02415863620981372
1299,-0.024158921322796997
1300,-0.024158303900647195
1301,-0.024157698274351578
1302,-0.02415768185325577
1303,-0.024158488664775456
1304,-0.02415870110441317
1305,-0.02415784350321503
1306,-0.02415873052000192
1307,-0.02415834865684291
1308,-0.02415822067473917
1309,-0.024158308411367495
1310,-0.024157570416535688
1311,-0.024158919117378552
1312,-0.024158115192120827
1313,-0.0010158625411650628
1314,0
1315,0
1316,0
1317,0
1318,0
1319,0
1320,0
1321,0
1322,0
1323,0
1324,0
1325,0
1326,0
1327,0
1328,0
1329,0
1330,0
1331,0
1332,0
1333,0
1334,0
1335,0
1336,0
1337,0
1338,0
1339,0
1340,0
1341,0
1342,0
1343,0
1344,0
1345,0
1346,0
1347,0
1348,0
1349,0
1350,0
1351,0
1352,0
1353,0
1354,0
1355,0
1356,0
1357,0
1358,0
1359,0
1360,0
1361,0
1362,0
1363,0
1364,0
1365,0
1366,0
1367,0
1368,0
1369,0
1370,0
1371,0
1372,0
1373,0
1374,0
1375,0
1376,0
1377,0
1378,0
1379,0
1380,0
1381,0
1382,0
1383,0
1384,0
1385,0
1386,0
1387,0
1388,0
1389,0
1390,0
1391,0
1392,0
1393,0
1394,-0.15613874745353484
1395,-0.05953747480643513
1396,-0.059536271666780605
1397,-0.05953843542979042
1398,-0.0595367311808174
1399,-0.0595371583183647
1400,-0.05953553088000398
1401,-0.05953903147112804
1402,-0.059538210355699644
1403,-0.059534956776288186
1404,-0.05953918267430446
1405,-0.05953710582800062
1406,-0.059533547678135235
1407,-0.05953732731864087
1408,-0.059536917982212834
1409,-0.05953725531365537
1410,-0.0595363965289594
1411,-0.059538793069372896
1412,-0.05953644712984804
1413,-0.05953823505035641
1414,-0.05953734745850272
1415,-0.05953572540228612
1416,-0.059537181517981104
1417,-0.059536012064803724
1418,-0.05953936873419123
1419,-0.05953556706205509
1420,-0.05953776365336406
1421,-0.05953721929662168
1422,-0.05953689330723666
1423,-0.05953639367681266
1424,-0.059536225922907596
1425,-0.059538271526608566
1426,-0.05953600860433868
1427,-0.059535638917027005
1428,-0.05953963136692257
1429,-0.05953613259369206
1430,-0.05953931035857238
1431,-0.05953026647879258
1432,-0.05953929291797183
1433,-0.059537498553861444
1434,-0.05953544479141485
1435,-0.05953906998479243
1436,-0.05953189770414543
1437,-0.0595375375658399
1438,-0.059533887827601197
1439,-0.05954246801513862
1440,-0.059538265750436595
1441,-0.059524667453299145
1442,-0.05953890557991566
1443,-0.05953683630544979
1444,-0.05953510586559027
1445,-0.05954188948016148
1446,-0.05953500065634389
1447,-0.05953710034121765
1448,-0.05953672459137352
1449,-0.05953687676354446
1450,-0.059534421457158676
1451,-0.059541669094985455
1452,-0.059536468508779535
1453,-0.0595367713380182
1454,-0.059536596686349544
1455,-0.058514364670657355
1456,-0.04951136347419302
1457,-0.04951493044538542
1458,-0.049516647005455175
1459,-0.04951154416187405
1460,-0.04951615383410708
1461,-0.0495125990765948
1462,-0.04951160178046745
1463,-0.0495171892193462
1464,-0.04951116981559631
1465,-0.04951658595143572
1466,-0.049514055839562296
1467,-0.04951267902975211
1468,-0.04951368929800629
1469,-0.0495146600757879
1470,-0.04951314612756047
1471,-0.0495137721796652
1472,-0.04951325678198325
1473,-0.049516144904560654
1474,-0.04951573812996606
1475,-0.049513604823937796
1476,-0.049514263474340944
1477,-0.04951210360084979
1478,-0.0495156091374528
1479,-0.049513185234002055
1480,-0.04951286233705539
1481,-0.04951576292523537
1482,-0.04951493034847229
1483,-0.04951346712364163
1484,-0.049512882761988466
1485,-0.04951616963692522
1486,-0.04950980686539497
1487,-0.04951296398636129
1488,-0.0495138073540609
1489,-0.04951591740200919
1490,-0.04951255911308285
1491,-0.049511985200349135
1492,-0.04951601715160097
1493,-0.049513340658122025
1494,-0.04951787255953544
1495,-0.04951154620571001
1496,-0.04951529999994363
1497,-0.04951127097870794
1498,-0.0495160426756402
1499,-0.049513513506960684
1500,-0.049514713864296525
1501,-0.04951337832048168
1502,-0.049516317913429274
1503,-0.049510547353580965
1504,-0.04951655175156165
1505,-0.049511897940749956
1506,-0.049516148057009844
1507,-0.04951074702636576
1508,-0.0495155373341171
1509,-0.049515257196367735
1510,-0.04951617003149828
1511,-0.049510823203438
1512,-0.049511484356369616
1513,-0.049516457242479404
1514,-0.04951471522099609
1515,-0.049514689264237126
1516,-0.04951254506136007
1517,-0.0495149211916051
1518,-0.0495148987472064
1519,-0.18744056594811684
1520,0
1521,0.013031232590199721
1522,-0.013920767163187655
1523,0
1524,0
1525,0
1526,0
1527,0
1528,0
1529,0
1530,0
1531,0
1532,0
1533,0
1534,0
1535,0
1536,0
1537,0
1538,0
1539,0
1540,0
1541,0
1542,0
1543,0
1544,0
1545,0
1546,0
1547,0
1548,0
1549,0
1550,0
1551,0
1552,0
1553,0
1554,0
1555,0
1556,0
1557,0
1558,0
1559,0
1560,0
1561,0
1562,0
1563,0
1564,0
1565,0
1566,0
1567,0
1568,0
1569,0
1570,0
1571,0
1572,0
1573,0
1574,0
1575,0
1576,0
1577,0
1578,0
1579,0
1580,0
1581,0
1582,0
1583,0
1584,0
1585,0
1586,0
1587,0
1588,0
1589,0
1590,0
1591,0
1592,0
1593,0
1594,0
1595,0
1596,0
1597,0
1598,0
1599,0
1600,0
1601,0
1602,0
1603,0
1604,0
1605,0
1606,0
1607,0
1608,0
1609,0
1610,0
1611,0
1612,0
1613,0
1614,0
1615,0
1616,0
1617,0
1618,0
1619,0
1620,0
1621,0
1622,0
1623,0
1624,0
1625,0
1626,0
1627,0
1628,0
1629,0
1630,0
1631,0
1632,0
1633,0
1634,0
1635,0
1636,0
1637,0
1638,0
1639,0
1640,0
1641,0
1642,0
1643,0
1644,0
1645,0
1646,0
1647,0
1648,0
1649,0
1650,0
1651,0
1652,0
1653,0
1654,0
1655,0
1656,0
1657,0
1658,0
1659,0
1660,0
1661,0
1662,0
1663,0
1664,0
1665,0
1666,0
1667,0
1668,0
1669,0
1670,0
1671,0
1672,0
1673,0
1674,0
1675,0
1676,0
1677,0
1678,0
1679,0
1680,0
1681,0
1682,0
1683,0
1684,0
1685,0
1686,0
1687,0
1688,0
1689,0
1690,0
1691,0
1692,0
1693,0
1694,0
1695,0
1696,0
1697,0
1698,0
1699,0
1700,0
1701,0
1702,0
1703,0
1704,0
1705,0
1706,0
1707,0
1708,0
1709,0
1710,0
1711,0
1712,0
1713,0
1714,0
1715,0
1716,0
1717,0
1718,0
1719,0
1720,0
1721,0
1722,0
1723,0
1724,0
1725,0
1726,0
1727,0
1728,0
1729,0
1730,0
1731,0
1732,0
1733,0
1734,0
1735,0
1736,0
1737,0
1738,0
1739,0
1740,0
1741,0
1742,0
1743,0
1744,0
1745,0
1746,0
1747,0
1748,0
1749,0
1750,0
1751,0
1752,0
1753,0
1754,0
1755,0
1756,0
1757,0
1758,0
1759,0
1760,0
1761,0
1762,0
1763,0
1764,0
1765,0.051376891389417596
1766,0.06251686148702854
1767,0.06251602095714788
1768,0.0625157805572533
1769,0.0625185396713749
1770,0.06251480100227598
1771,0.06251776964138209
1772,0.06251767449937419
1773,0.06251769562219184
1774,0.06251490148559376
1775,0.06251823394642544
1776,0.06251749795735494
1777,0.06251686010872895
1778,0.06251714035352644
1779,0.06251586017623119
1780,0.06251725414985715
1781,0.06251422080128295
1782,0.06251776235646564
1783,0.06251888454044874
1784,0.06251573859083613
1785,0.06251671719564279
1786,0.06251498354515626
1787,0.06251529939941096
1788,0.06251948267462125
1789,0.06251719192430454
1790,0.06251816038653342
1791,0.06251529231744364
1792,0.06251578230169887
1793,0.06251735231437416
1794,0.06251501214952843
1795,0.06251678430178088
1796,0.062519065245791
1797,0.06251774559129218
1798,0.04605735108845814
1799,0.03801363614767742
1800,0.038013930916427345
1801,0.03801205153977707
1802,0.03801427226125004
1803,0.03801391358129424
1804,0.03801414886745959
1805,0.038012855043538255
1806,0.038015035293385124
1807,0.038012341245496656
1808,0.038013806010304886
1809,0.03801490721478391
1810,0.03801226073730726
1811,0.0380133753765505
1812,0.03801437784028236
1813,0.03801410611031749
1814,0.03801191139668211
1815,0.0380146404826625
1816,0.03801409429995784
1817,0.03801408442227775
1818,0.03801199819235091
1819,0.038013723447659
1820,0.03801524920292987
1821,0.03801221853392833
1822,0.038014293474437466
1823,0.03801380610365506
1824,0.03801332966065475
1825,0.03801307974062374
1826,0.03801609767418286
1827,0.03801097967530836
1828,0.038013987091610045
1829,0.0380128327708605
1830,0.0380145625638035
1831,0.0015395001209691653
1832,0
1833,0
1834,0
1835,0
1836,0
1837,0
1838,0
1839,0
1840,0
1841,0
1842,0
1843,0
1844,0
1845,0
1846,0
1847,0
1848,0
1849,0
1850,0
1851,0
1852,0
1853,0
1854,0
1855,0
1856,0
1857,0
1858,0
1859,0
1860,0
1861,0
1862,0
1863,0
1864,0
1865,0
1866,0
1867,0
1868,0
1869,-0.02386256813157971
1870,-0.056534177283127936
1871,-0.056537286634710575
1872,-0.05653477031082388
1873,-0.05653555106645158
1874,-0.05653609666845834
1875,-0.05653670543712568
1876,-0.0565331999814945
1877,-0.056537680685266614
1878,-0.0565330534887904
1879,-0.056540971348185746
1880,-0.056534316384625916
1881,-0.056536076769187746
1882,-0.056537193791292975
1883,-0.05653462396528454
1884,-0.056535881580576965
1885,-0.05653416744036785
1886,-0.05653840469747731
1887,-0.05653869258703185
1888,-0.056534409943084736
1889,-0.05653311716697016
1890,-0.05653591930904439
1891,-0.05653761780874916
1892,-0.05653576313479094
1893,-0.05653644893754013
1894,-0.05653554812368019
1895,-0.05653499851303739
1896,-0.05653777025482888
1897,-0.056533315395120784
1898,-0.05653856495665559
1899,-0.05653423606839468
1900,-0.05653570053883977
1901,-0.05653639869817897
1902,-0.05653712849522412
1903,-0.05653493539374439
1904,-0.05653549001827709
1905,-0.05653926253193542
1906,-0.05653281322840861
1907,-0.05653521135954113
1908,-0.05653762735477981
1909,-0.056532648888177606
1910,-0.056537238330211875
1911,-0.056538903402984446
1912,-0.05904186001329864
1913,-0.06803311103397151
1914,-0.068035574645677
1915,-0.0680399951250096
1916,-0.06803490685703113
1917,-0.06803506108454542
1918,-0.06803472376274992
1919,-0.06803664314224084
1920,-0.0680357445595418
1921,-0.06803423759105579
1922,-0.06804171937528045
1923,-0.0680275830658056
1924,-0.06803850385394469
1925,-0.06803642920752684
1926,-0.06803313853499275
1927,-0.0680360276446892
1928,-0.06803881098708482
1929,-0.06803172580040774
1930,-0.06803970614144172
1931,-0.06803213702805025
1932,-0.06803910298579836
1933,-0.06803278939938359
1934,-0.06803707583331851
1935,-0.06803632666503244
1936,-0.0680311885703904
1937,-0.06803480232080837
1938,-0.06803971112834054
1939,-0.06803114127638726
1940,-0.06803971924421379
1941,-0.06803331275679673
1942,-0.06803777927420239
1943,-0.0680341682869926
1944,-0.06803727207738341
1945,-0.06803351260652966
1946,-0.06803688690008905
1947,-0.06803599392625923
1948,-0.0680319649033232
1949,-0.06803702438996198
1950,-0.06803405463992789
1951,-0.06803904357778848
1952,-0.06803815635617194
1953,-0.06803080391805337
1954,-0.06803739999305407
1955,-0.03302622093890438
1956,0
1957,-0.0355182580717721
1958,-0.09808734287786251
1959,-0.09808760735181692
1960,-0.09808071537426151
1961,-0.09808744952969876
1962,-0.09808662704702835
1963,-0.09808722032400387
1964,-0.0980843326558307
1965,-0.09808844342293949
1966,-0.09808751273061293
1967,-0.09808221248296033
1968,-0.09808615055503883
1969,-0.09809081908539702
1970,-0.09808791904099874
1971,-0.0980868373179509
1972,-0.0980814429811398
1973,-0.0980937348531569
1974,-0.09808212021175756
1975,-0.0980878255297369
1976,-0.09808716677601659
1977,-0.098084256025297
1978,-0.0980895234407516
1979,-0.09808589764439428
1980,-0.0980897718521928
1981,-0.09808304444773935
1982,-0.09808707170032799
1983,-0.09808535246549269
1984,-0.09809155758534677
1985,-0.09808127212227938
1986,-0.09808433087413963
1987,-0.09808365140399516
1988,-0.09808984335051506
1989,-0.09808853817839565
1990,-0.09808932141788235
1991,-0.09808314379566363
1992,-0.09808809834470276
1993,-0.09808299326709272
1994,-0.09808712429955974
1995,-0.09808783614816126
1996,-0.0980887522870206
1997,-0.09808173370473318
1998,-0.09808992274965958
1999,-0.09808249000149515
2000,-0.0980893236304643
2001,-0.09808882141240305
2002,-0.0980818609210151
2003,-0.089352096814512
2004,0
2005,0
2006,0
2007,0
2008,0
2009,-0.023352334601655193
2010,-0.09252225068292132
2011,-0.09252083983558017
2012,-0.09252308215897788
2013,-0.0925210577427927
2014,-0.09252121512091047
2015,-0.0925251085047614
2016,-0.09251983018114338
2017,-0.09252427323613696
2018,-0.092519523324936
2019,-0.09252441216692796
2020,-0.09252256829387626
2021,-0.09252191217766537
2022,-0.09252250020624082
2023,-0.09252288294670853
2024,-0.09252180196544314
2025,-0.09252332500072659
2026,-0.0925235089495029
2027,-0.0925205530877675
2028,-0.09252431171682628
2029,-0.0925220429831599
2030,-0.09252326144019596
2031,-0.09251999112859519
2032,-0.09252383801805876
2033,-0.09252257936684516
2034,-0.09252321883173267
2035,-0.09252210056058525
2036,-0.09252125112635949
2037,-0.09252231740372505
2038,-0.09252322235221251
2039,-0.09252344687635103
2040,-0.09252287513323817
2041,-0.09252150577594564
2042,-0.0925230139494383
2043,-0.09252441628031947
2044,-0.09251992210487965
2045,-0.09252249727051419
2046,-0.09252342239378149
2047,-0.09252142712249828
2048,-0.09252281786733511
2049,-0.09252502571309798
2050,-0.0925200426598877
2051,-0.0925240105809802
2052,-0.0925205407158252
2053,-0.09252047903500656
2054,-0.09252260366760477
2055,-0.09252369950817496
2056,-0.09252225244039272
2057,-0.09252231841603561
2058,-0.09252088263377035
2059,-0.09252297653177335
2060,-0.09252169758738821
2061,-0.09252297084380054
2062,-0.0925290572963718
2063,-0.09251944828990272
2064,-0.09252211836702008
2065,-0.09252308624631518
2066,-0.040901136127304186
2067,0
2068,0
2069,0
2070,0
2071,-0.03369075872759034
2072,-0.08376242886983086
2073,-0.08375105824552102
2074,-0.08376187492982075
2075,-0.08375589025980075
2076,-0.08376104431594719
2077,-0.08375080670759806
2078,-0.08376583447574315
2079,-0.08375787658145503
2080,-0.08375684921985513
2081,-0.08376215038572207
2082,-0.08375355128430226
2083,-0.08375696953138306
2084,-0.08375706250667272
2085,-0.08376164683159489
2086,-0.0837560792969423
2087,-0.08375842356254304
2088,-0.08375761346113578
2089,-0.08375817617346297
2090,-0.08376024171391175
2091,-0.08375738010173053
2092,-0.08375957856737513
2093,-0.08375559861556615
2094,-0.08375725250779702
2095,-0.08376039486702956
2096,-0.08375825448488937
2097,-0.08375838827367307
2098,-0.0837582162441976
2099,-0.08375917363942638
2100,-0.08375346300640496
2101,-0.08376215137639509
2102,-0.08375702400178738
2103,-0.0837529863838794
2104,-0.08376099684354271
2105,-0.08375787316871722
2106,-0.08375976508273825
2107,-0.08376012701741825
2108,-0.08375267886923006
2109,-0.08376012452454011
2110,-0.08375865145305479
2111,-0.0837575762526527
2112,-0.08375982043518264
2113,-0.08375471318969334
2114,-0.0837596986083023
2115,-0.08375886373870597
2116,-0.0837598650181415
2117,-0.08376122449648103
2118,-0.08375458658095311
2119,-0.08375507886957936
2120,-0.08375984882160362
2121,-0.08376085251389401
2122,-0.08375775179613323
2123,-0.08375701692214012
2124,-0.08375772686837896
2125,-0.0837569053982676
2126,-0.08375955674459973
2127,-0.08376062610732346
2128,-0.08375969707723685
2129,-0.08375665185020455
2130,-0.08375729796091974
2131,-0.08375759439476393
2132,-0.0837618175545942
2133,-0.08375569807935312
2134,-0.08375522050285199
2135,-0.0837595869130613
2136,-0.07553059595809973
2137,0
2138,0
2139,-0.059419483310224154
2140,-0.062376219506161096
2141,-0.062373640807596754
2142,-0.062371964140428476
2143,-0.062375487321148115
2144,-0.06237239961224882
2145,-0.0623736224033356
2146,-0.0623764622631881
2147,-0.06237247294335109
2148,-0.06237145046652732
2149,-0.062376080778790484
2150,-0.0623739634139783
2151,-0.06237159999981166
2152,-0.06237645924458372
2153,-0.062371567785985974
2154,-0.06237371174828569
2155,-0.062375025421790325
2156,-0.06237437438930893
2157,-0.0623725586513075
2158,-0.062372912872893836
2159,-0.06237379932159364
2160,-0.06237560066097431
2161,-0.06237481044354561
2162,-0.062372108440929
2163,-0.062372749978719694
2164,-0.06237580866450879
2165,-0.0623717851753645
2166,-0.06237321945853038
2167,-0.062372847986201324
2168,-0.062375675994791956
2169,-0.062373525193436724
2170,-0.06237489818052802
2171,-0.062372439604599914
2172,-0.062374617904453054
2173,-0.062373341949432094
2174,-0.062373071864091564
2175,-0.062375098614600534
2176,-0.06237034188786915
2177,-0.0623764892990373
2178,-0.06237248496215017
2179,-0.06237391406356455
2180,-0.06237556185266848
2181,-0.062373059419339204
2182,-0.06237272479332579
2183,-0.062371953227152645
2184,-0.062377067214043895
2185,-0.06237066681708158
2186,-0.0623743317353285
2187,-0.062372424741834666
2188,-0.062375125392161127
2189,-0.062373917918122905
2190,-0.062373149560656364
2191,-0.062374460889229
2192,-0.06237426075799671
2193,-0.06237626773818398
2194,-0.062372021675781555
2195,-0.06237248098086063
2196,-0.062376665035823786
2197,-0.06237661527175197
2198,-0.06236945438817102
2199,-0.06237559380395982
2200,-0.062375299118735295
2201,-0.06237377504822938
2202,-0.062371772611726876
2203,-0.062377183236070534
2204,-0.06237317164298128
2205,-0.06237212820893505
2206,-0.062373619545652195
2207,-0.062374633193006915
2208,-0.06237014256534675
2209,-0.0623754140340165
2210,-0.012705457135682281
2211,0
2212,0
2213,0
2214,0
2215,0
2216,0
2217,0
2218,0
2219,0
2220,0
2221,0
2222,0
2223,0
2224,0
2225,0
2226,0
2227,0
2228,0
2229,0
2230,0
2231,0
2232,0
2233,0
2234,0
2235,0
2236,0
2237,0
2238,0
2239,0
2240,0.07178163289757065
2241,0.07178259674137265
2242,0.07178451635289712
2243,0.07177904467085981
2244,0.07178610401938817
2245,0.07177971290203262
2246,0.07178608639028868
2247,0.07178019267270293
2248,0.07178226460935623
2249,0.07178049091662235
2250,0.07177966488825518
2251,0.0717838287425595
2252,0.07178156379150769
2253,0.07178272913185903
2254,0.071783151925387
2255,0.07178081630394177
2256,0.07178059873559216
2257,0.07178481575264135
2258,0.07178248013196886
2259,0.0717788909838012
2260,0.07178181450617221
2261,0.07178213681504296
2262,0.07177995551555218
2263,0.07178506081322975
2264,0.0717783289844081
2265,0.07178203422350367
2266,0.07178162533045421
2267,0.06433026412255724
2268,0.02785170647729912
2269,0.027851456485473176
2270,0.0278501275933521
2271,0.02785152327682919
2272,0.027851771604996755
2273,0.027851436207250214
2274,0.027851138911294114
2275,0.027850394066718548
2276,0.027851988662072415
2277,0.02785173011471138
2278,0.027851477456011835
2279,0.027848895530169535
2280,0.027852369052063855
2281,0.027851051014723453
2282,0.027850362238075282
2283,0.027852656801627344
2284,0.027849845578416008
2285,0.027851705669614164
2286,0.02785171261730493
2287,0.02785050620875826
2288,0.02785182908150431
2289,0.027853403452125617
2290,0.02784985102165204
2291,0.027850959946592948
2292,0.027852057857015205
2293,0.027851824155934134
2294,0.027849682921251433
2295,0.027852197359271177
2296,0.026172936533400595
2297,0
2298,0
2299,0
2300,0
2301,0
2302,0
2303,0
2304,0
2305,0
2306,0
2307,0
2308,0
2309,0
2310,0
2311,0
2312,0
2313,0
2314,0
2315,0
2316,0
2317,0
2318,0
2319,0
2320,0
2321,0
2322,0
2323,0
2324,0
2325,0
2326,0
2327,0
2328,0
2329,0
2330,0
2331,0
2332,0
2333,0
2334,0
2335,0
2336,0
2337,0
2338,0
2339,0
2340,0
2341,0
2342,0
2343,0
2344,0
2345,0
2346,0
2347,0
2348,0
2349,0
2350,0
2351,0
2352,0
2353,0
2354,0
2355,0
2356,0
2357,0
2358,0
2359,0
2360,0
2361,0
2362,0
2363,0
2364,0
2365,0
2366,0
2367,0
2368,0
2369,0
2370,0
2371,0
2372,0
2373,0
2374,0
2375,0
2376,0
2377,0
2378,0
2379,0
2380,0
2381,0
2382,0
2383,0
2384,0
2385,0
2386,0
2387,0
2388,0
2389,0
2390,0
2391,0
2392,0
2393,0
2394,0
2395,0
2396,0
2397,0
2398,0
2399,0
2400,0
2401,0
2402,0
2403,0
2404,0
2405,0
2406,0
2407,0
2408,0
2409,0
2410,0
2411,0
2412,0
2413,0
2414,0
2415,0
2416,0
2417,0
2418,0
2419,0
2420,0
2421,0
2422,0
2423,0
2424,0
2425,0
2426,0
2427,0
2428,0
2429,0
2430,0
2431,0
2432,0
2433,0
2434,0
